1237387231779840000
1240175235304960000
1241324844920320000
1241872361743360000
1243024442621440000
1243315917913600000
1273803569758720000
1275384241681920000
1215113270710935553
1216676765982175232
1217159574433804289
1222615296344608768
1222984685120368646
1224147257517199360
1224970162459172865
1225053872370176000
1225549173157695491
1225835616656658433
1226276322021978117
1227310448401317891
1227362900970479617
1228090968114651138
1228608922426249216
1232059565065297920
1232394717641334785
1232502381016907776
1232553364438814720
1232791958281576448
1232965700454666241
1233219957208444928
1233467656860315649
1233566321876578305
1233599892217585665
1233642854884552705
1233669385514094592
1233823268924096512
1233841246264864768
1234085077379768320
1234424425048612866
1234426459495829504
1234461652252164096
1234493446418817025
1234523085770022912
1234664589452693505
1234735259180294145
1234912469019004928
1235545131937341441
1235662475640672262
1235678045681242112
1235804640924577792
1235814870873812995
1236329332236259330
1236444108958269440
1236507997389684736
1236611740864933888
1236642166400790528
1236672034291085314
1236976393747120131
1236976707476828166
1236977115964362753
1236977213775532033
1236977805784539137
1236977913368662016
1236979714826395649
1236980229006032896
1236980398598557696
1236981003224113152
1236981260637155328
1236981590326153217
1236982725514493952
1236983008848158720
1236983144500334594
1236983177983537152
1236983215346331650
1236983649779712000
1236983670646472704
1236984032644280320
1236984452116611072
1236984663991861253
1236984749593370624
1236984816173756421
1236984885811777537
1236985078045122560
1236985117979152384
1236985619047419904
1236985708578996225
1236985900841799686
1236987409222467585
1236987708183949314
1236987728769630210
1236988271625936896
1236988309148250115
1236988693681823744
1236988946900549633
1236989148222967808
1236989316208918529
1236989367916396544
1236989503975366657
1236990146362273793
1236990757585682433
1236991060846379008
1236991094879129601
1236991350068969478
1236991373246595072
1236991557993000961
1236991664037588992
1236992278700404736
1236992524520210434
1236992587204104198
1236993410071957505
1236993647037558784
1236993649302478853
1236993749940461575
1236994279534407680
1236994411059437569
1236995390777548803
1236995717316653058
1236995922388643842
1236996069957021699
1236996126445907970
1236996224739393543
1236996469317656578
1236996517346582528
1236996557158977536
1236996889268142080
1236997077047152641
1236997495957356544
1236997583236710401
1236997599774879744
1236997738354470913
1236997808068202496
1236998020023160837
1236998271379353602
1236998339796721665
1236998371824435201
1236998441294839810
1236998696123891712
1236999111611645954
1236999200350433280
1236999385399078914
1236999540995170306
1236999661791174657
1236999729231400963
1237000099445776390
1237000415495032834
1237000651512651778
1237000711159853057
1237000746115055617
1237000763286659073
1237001557855604736
1237002047867715585
1237002100955062272
1237002546927067137
1237002556070670336
1237002608461651974
1237002646864699393
1237002867090903040
1237002987303833603
1237003170661814272
1237003219496206336
1237003285271400448
1237003361100185600
1237003883827941378
1237003959140745218
1237004101759561729
1237004239454515201
1237004438864306182
1237004497802665987
1237004683236892672
1237004686428790784
1237004818297884674
1237005017871085569
1237005432046026752
1237005605006503937
1237005705753870338
1237005750293102594
1237005909768826880
1237006239848108032
1237006394659913730
1237006487354060801
1237006649698562050
1237006659018514432
1237006688118587393
1237006854166847488
1237007045666185219
1237007353901285376
1237007524294987779
1237007613746913280
1237007676548227078
1237007952575373312
1237008246444974080
1237008448807723008
1237008573462388738
1237008659902861313
1237008746796257281
1237009188611592193
1237009233385840640
1237009363916685312
1237009457218871300
1237009601721241601
1237009618301333505
1237010192711200775
1237010352119975937
1237010829717000192
1237011093962272770
1237011405813006336
1237012114692177920
1237012446675636224
1237012764213698560
1237012770777755648
1237014054889086976
1237014936880021507
1237014941766307840
1237015015791755267
1237015281526018048
1237016446594670593
1237017085148086272
1237017577131585536
1237017694957961216
1237019872221114368
1237020148357140480
1237020522195664896
1237020570077855745
1237021404559814656
1237021501561413632
1237021867958923264
1237022530269057024
1237022799019085833
1237023162065444866
1237023737507020806
1237023868125974529
1237024396297945088
1237025430084956160
1237025465933729795
1237026121511776257
1237026251560357888
1237028252629323777
1237028380794654720
1237029730941100038
1237031327012139008
1237031489822392322
1237032658183520257
1237034873937899521
1237053688314617857
1237070720829718528
1237075021769605121
1237077239881183233
1237084735450611713
1237085736647745544
1237087378432548865
1237088182652583936
1237088317780283392
1237089087762268160
1237089640517115904
1237090071469125632
1237090884799336451
1237111924342558727
1237119489046654981
1237126549851320320
1237134920914554880
1237137428369956864
1237139620057489410
1237156263386943488
1237157847974195201
1237162253541093376
1237182688857120768
1237183935676854278
1237184433083596807
1237203857165422592
1237205429958180864
1237206971889180672
1237209834988191746
1237211133213278208
1237211465888739328
1237245195017539586
1237246077872377856
1237280472947929089
1237289389950001153
1237302298465964032
1237325447731519488
1237331704236224513
1237338002356965376
1237346357909676032
1237355568672772097
1237360296316080128
1237364785357848579
1237373127929274368
1237377589473239042
1237388993555247105
1237401905086767104
1237410951315496960
1237411178915168257
1237416956052901891
1237419192879546370
1237420129937432576
1237420887630102534
1237435908984627200
1237467299524665344
1237468740851085312
1237474263294070784
1237482162955472901
1237492180534648838
1237514121483915264
1237523998042292224
1237527099671363584
1237530637898113027
1237540387356475392
1237546233234722817
1237624240964173824
1237648930919211009
1237652825758457856
1237689113911967744
1237699220477542403
1237699626976841728
1237703963107041281
1237733541992992768
1237736747599085568
1237742384861118465
1237774264331317248
1237782822338859011
1237782886939385858
1237782887677792258
1237792397523849216
1237796176231104512
1237796271383068673
1237807815512797184
1237820562149462018
1237820643132882945
1237821421218340865
1237822381898584071
1237823037229187072
1237823669029593089
1237824087012995072
1237828039234523142
1237834630126014466
1237835639657127936
1237843967598678021
1237848806693068800
1237861011052302339
1237871272714895363
1237892382529445888
1237895131052662790
1237908607888433152
1237921094620925952
1237922652158693376
1237924615558660097
1237933000874213378
1237935422061379586
1237935982449758211
1237948634706010112
1237957071183794177
1238009566018916352
1238015435746000896
1238019232564117511
1238041668047306754
1238045465633054722
1238045828297695232
1238059000907927552
1238067831272378368
1238068104070127622
1238095784895229956
1238096041620242433
1238112231042269184
1238114454241452033
1238116346635997185
1238117040499687430
1238123012345356293
1238134948030107648
1238143047419998208
1238158576205643778
1238175722260312064
1238177040689487879
1238177438598926336
1238178822245289984
1238180205098872834
1238185722575716353
1238191734057771009
1238197929145442304
1238205346025529344
1238214108643594242
1238216561954975744
1238221822958735364
1238223462763823109
1238223495743627265
1238225689989582849
1238229313159409666
1238231529312092160
1238231915628343296
1238232113029287938
1238239431858978816
1238239561081409538
1238243494717788160
1238243704944635908
1238281476015185920
1238282983213277187
1238286404565770240
1238302668076048385
1238310975025164291
1238325421487382528
1238343889318223873
1238350336785408001
1238353416361054209
1238359456922120193
1238376620328718336
1238379973917978624
1238382132722049025
1238391373155295233
1238404735075565569
1238422585555091456
1238428142529679361
1238428249325285376
1238428438974824448
1238428598505218049
1238429880922112000
1238430095020306433
1238431177276559360
1238431870968369153
1238438195844591617
1238444709158088706
1238448381774557184
1238463214339231747
1238463535450996737
1238466594927529984
1238468238503292928
1238472825112940544
1238476039623327744
1238484736772902912
1238496813751177216
1238503436074844161
1238504166546444290
1238505548636659712
1238523474190139393
1238527431369080832
1238533312475521025
1238536188241166338
1238542426261852162
1238543124064022533
1238545292116414465
1238554502304841730
1238568636387930113
1238582319604281351
1238582971856113664
1238593149183778816
1238599305528627201
1238607756715687936
1238608809440018433
1238619202476478471
1238629216792477697
1238673642680201217
1238681326342918145
1238713849840312320
1238717116649373696
1238718737240313858
1238721785631322113
1238738290855026688
1238745986618535939
1238753379926642688
1238761089065598976
1238789283508412417
1238807758947917825
1238809945442865152
1238822001789337600
1238836407562616833
1238838175533015044
1238840014609567745
1238840065922490368
1238841728402165760
1238842319509639169
1238843872534499328
1238844799366696961
1238844929792770048
1238845641650065409
1238845850224336897
1238851630834970625
1238852021085757440
1238853063030554624
1238854858096214016
1238855057208160258
1238856149304086533
1238859980679380997
1238862013876428800
1238863414836912130
1238865135147470849
1238865281608372224
1238866067340091393
1238867181498019841
1238868596362633217
1238868678277545984
1238869131979456513
1238872141992345600
1238874280395444234
1238877969117921285
1238880683046481921
1238900969569546240
1238905176758439936
1238919924640333825
1238936381985964032
1238942940602351616
1238943211202039808
1238943371361738752
1238944177347411968
1238944206149820422
1238944219672215552
1238945613099696130
1238945866695802886
1238945930184810496
1238945986321489921
1238946293269123072
1238946484722245635
1238946567333113857
1238947038710071296
1238948029094342662
1238948095976759307
1238948098791047169
1238948281624883200
1238948596365524993
1238948604590600192
1238948758970195968
1238948815492788224
1238948960032534528
1238949222579425280
1238949618865537026
1238953174959976448
1238966945782759424
1238967010991779843
1238988554375696384
1239002134013546497
1239004249725513728
1239008578830094336
1239023166749585408
1239033176321855490
1239033211298160640
1239055611515396097
1239074824166621184
1239081249064357888
1239095276490481665
1239110278987612161
1239125986438008832
1239137441266700289
1239175044904792066
1239179515865313280
1239205100175781888
1239209097452347392
1239212133801496577
1239212535808765952
1239212760757501953
1239215761505153025
1239230240838172674
1239240118512345089
1239241272294080512
1239241668639051778
1239241816752431105
1239242047988604928
1239242649934139393
1239246209568714753
1239246489655836672
1239246842988290050
1239247031425695750
1239249395494916098
1239249932038688770
1239249939378704385
1239250106240634880
1239250129112035328
1239250491739160576
1239251429476511747
1239251501933092864
1239251673878532098
1239251688101253120
1239254015205994496
1239254094092566529
1239254227849023488
1239254433525096449
1239254447026552834
1239255341562564610
1239255571108225024
1239255638418558979
1239255830052122625
1239255949837099009
1239256357393453056
1239256933984542720
1239256990116974593
1239258931823808512
1239259211248349190
1239262098036686849
1239262184229699585
1239271109591089152
1239275343002861569
1239284414879801344
1239287428323717121
1239287981179129864
1239305239976697858
1239309254865104896
1239326803186962433
1239338145033760768
1239340673255403521
1239350743456452608
1239367427965755392
1239375665499168768
1239377680551653376
1239382842343337984
1239384026235850753
1239386002893963264
1239403804405137411
1239409300717457409
1239432104733077504
1239451208475185152
1239451684449013762
1239455006639534081
1239465691234746370
1239476963087192064
1239506457864876032
1239522861951246336
1239528398038466562
1239531759034867715
1239532644326445058
1239533293382467584
1239534501744660480
1239546366914748416
1239546472124702720
1239546729114017792
1239547099773120514
1239548291869741057
1239554035851702278
1239554541105876995
1239556191430356992
1239557174579179520
1239565107018989569
1239568720810463234
1239571318636531713
1239576445615312898
1239578304585310209
1239583904174157832
1239591630971105280
1239593004828147712
1239601619496361984
1239601834387357696
1239607076357275651
1239609374005284864
1239621339918536705
1239628764310577152
1239643314648952838
1239662258713546752
1239664199007113219
1239664329013596160
1239665710735003652
1239665725788348416
1239668605421142016
1239669021068279808
1239675410390102016
1239687058274365440
1239691781635268608
1239697456994177024
1239705106142167045
1239751527058886656
1239756289686700032
1239766432839155712
1239769953533939713
1239771921828495360
1239806310587064320
1239848598608715776
1239850503745474561
1239861911002345473
1239896668767739906
1239905821317681154
1239910715416346631
1239919197448175617
1239921437097578497
1239929754574295041
1239933258218930176
1239962496473026560
1239969185163165696
1239980586552512512
1239993327098802176
1239996820459315200
1240005753303371778
1240006123882721280
1240008510747873282
1240009104011096065
1240023109744369665
1240035257086177280
1240038306399870978
1240046830311923712
1240056496106254341
1240075586623680512
1240081757849845760
1240089843964805120
1240091828474560514
1240104744275845120
1240126260254257153
1240144191864389639
1240152948182835202
1240163100298555392
1240167435648397313
1240180577061355521
1240212752951422976
1240224416572805122
1240228377442877444
1240231062418026502
1240241192106962944
1240242759371546624
1240247194818695168
1240255376714579971
1240256939809898497
1240258223631937536
1240262524143947776
1240265669784088577
1240273273121910786
1240284321920864256
1240284699546828801
1240289277667401734
1240294623454453760
1240299797808066560
1240307465083895809
1240316526147670016
1240321068792979456
1240321900255068160
1240333441494892544
1240333935034241024
1240337811674255361
1240337834122321922
1240338484855857153
1240342028434604032
1240349871346987010
1240352402966003714
1240356026144239616
1240362296083451904
1240376659192111104
1240387269862789120
1240390032365514752
1240390259269140481
1240392127265280003
1240404427435126785
1240405296469721089
1240407634416730119
1240431094249349120
1240441617544331265
1240444334014705664
1240453318364856320
1240458387193643008
1240463293296279557
1240465391505281024
1240470388645269506
1240471072937406464
1240474029271724032
1240474853406199809
1240488468687589378
1240520233200345089
1240522268209319943
1240545186561888257
1240561029584584704
1240568856873070594
1240569853678944256
1240579564436434944
1240594725574340608
1240602951460114433
1240608471453773824
1240610503132614663
1240614936000241671
1240634261352390656
1240660634582351873
1240664909152686080
1240675601880625160
1240692111554400257
1240699014154080262
1240702039157436416
1240733705003503620
1240738899854413824
1240749944476180482
1240770353837867009
1240774974509481985
1240798322417254400
1240801028813008902
1240806732655235072
1240818177040199681
1240819294587572224
1240822933280428039
1240842491135328256
1240848811548786688
1240900515048767490
1240923348261101568
1240935197584920577
1240954695650287622
1240955052405272576
1240956333869981696
1240959445510676485
1240964699073720321
1240969992977424385
1240971356436672512
1240974677515866112
1240987100314566661
1240998092603895810
1241001551159853056
1241010245117280256
1241012686089080839
1241014616358035457
1241042593493839872
1241047666286571520
1241059910781153281
1241074211579363330
1241086061721206784
1241096678267994112
1241101175178461187
1241109445360398341
1241111024155025408
1241111398253506560
1241117106378362882
1241119278360748032
1241122200599461888
1241126083673686017
1241127490619232256
1241130601236717568
1241153119104335872
1241162682935304193
1241168349159014400
1241176255237623808
1241179389355864069
1241195318894563328
1241195558540197890
1241196526610927617
1241213126638354432
1241232637504569345
1241298051576123392
1241339905675952128
1241355852046622720
1241363920369172486
1241364032378081284
1241386584714276865
1241396723424956416
1241407742889377796
1241416094163836929
1241416889550725121
1241424355466317825
1241448478829576192
1241462156173983747
1241479974663729152
1241480711938478087
1241491211929731072
1241509050694713344
1241515509712998400
1241534383418257415
1241535575766839298
1241536070178574336
1241565758758379521
1241566309906886659
1241590682550063104
1241614342946250753
1241614378635374592
1241619610555879426
1241622923535777793
1241626553521295360
1241629527115268101
1241632040505823232
1241637950804373504
1241673120559308801
1241696915000979457
1241708019118997505
1241712446135468034
1241716448021512193
1241721717069766662
1241723513863647233
1241724082682343424
1241725154834526214
1241726323510243328
1241737640673763329
1241743904464084993
1241752156706869249
1241753508849860609
1241758173775740928
1241766621607231488
1241769291831279616
1241770642791424000
1241777419515764738
1241780651457753088
1241816255985848325
1241826990862356484
1241833604101156873
1241848161351667713
1241853498460954625
1241858133523193857
1241863623640854535
1241873327272198152
1241881716211376131
1241892202655162369
1241900302619545601
1241900356549910529
1241904391579467776
1241905140808003590
1241907435016728579
1241916300856721408
1241916762204954624
1241920834031087616
1241928919483179009
1241954604742365184
1241971207265804288
1241980932741107712
1241994486718365696
1242009594936901639
1242047110440054784
1242051180408090624
1242054015770169344
1242057539128307713
1242078415097921540
1242083790563864576
1242092242929700865
1242094134036516866
1242098433973870592
1242102084901666816
1242123241541365760
1242132599734259716
1242141543764541440
1242154513320030208
1242181388893409281
1242185092853911553
1242186113147691010
1242187615123750913
1242192478930898944
1242195849809203203
1242203651780816904
1242207113423851521
1242210819565391880
1242213060317605888
1242215546894024711
1242216078085959685
1242216732657242112
1242217274725019653
1242228008662032395
1242246852835074048
1242251532742979584
1242289189170765824
1242305127131885569
1242323123782864896
1242345823205126144
1242349378439872512
1242354121887408129
1242367394842058756
1242369403112419328
1242384957143756802
1242390754955124738
1242392995510595587
1242394707403169792
1242396413536768000
1242406745265393669
1242413108376686594
1242413837715996672
1242418952795455489
1242420192493342720
1242421654862659585
1242422753682051072
1242426454069129216
1242429268157751296
1242431698635304961
1242434187682091009
1242441536509374464
1242450591135289344
1242451518751682562
1242456815021031425
1242458460102561795
1242458808787578886
1242462009683333120
1242462273416974336
1242462707313299458
1242462743036231681
1242463487521173504
1242463854451286021
1242464187181346816
1242466916209315840
1242469186737016832
1242471796668092416
1242472791775031298
1242473632493981696
1242473780041199616
1242474121239441408
1242478627163439104
1242481007233769474
1242481403683618817
1242481819137777665
1242485761749864448
1242487597966020610
1242488829321199616
1242489418528808960
1242491484185808896
1242493253431238656
1242496061693812736
1242501141285326849
1242503450673504258
1242504494153256961
1242505406364213249
1242506222915465220
1242506470282977285
1242506723006361600
1242508947832967168
1242510467299282945
1242516643982516231
1242517563327893504
1242519049159860224
1242521614358585344
1242523483885764608
1242525615422615559
1242530771463790594
1242531825039429635
1242532132611690497
1242534303000559616
1242535279665315840
1242540923252244480
1242545241338417152
1242549443041378310
1242549723463995392
1242551915231293443
1242552635888107520
1242555327700258816
1242556283665788928
1242561640135929857
1242561840313483267
1242562019800350722
1242562215238139905
1242565091138113539
1242566115433287681
1242568237620924416
1242573817395974147
1242589543875788801
1242591999049465859
1242596177549365248
1242606162266087424
1242614626304454656
1242623075134431233
1242631580503248898
1242639490465665024
1242643824981078016
1242653632241307648
1242658038592520193
1242659593487966208
1242668677205504002
1242677591271768065
1242699054997528576
1242712716352966657
1242755605099659267
1242768398938849287
1242783545531260928
1242795670391537664
1242799274120949766
1242809711856148483
1242810285301231616
1242813974703415297
1242817213523886082
1242819124990021632
1242834834986237955
1242836498614976513
1242838008539340804
1242851472997519366
1242875976868081665
1242904097159774208
1242904602699165697
1242911008647192578
1242933253809422336
1242938647491620872
1242941213335937026
1242944867313029121
1242952926458515457
1242961115593584640
1242992684395978753
1243000492709511169
1243001127488098305
1243004570428534784
1243036240942788608
1243111940819505152
1243111951795916801
1243144576241741824
1243180010187501569
1243191606120828929
1243199098057965572
1243213880819503104
1243243707563823104
1243244954127872000
1243245670863122434
1243302301147836422
1243331407029702657
1243370968921366530
1243372788024594433
1243376497554894850
1243379784647835648
1243440930301956096
1243445857946566656
1243508579673329665
1243510014981083138
1243522139052863488
1243551827305664512
1243553495346827264
1243556772461400064
1243573268230987776
1243576340156157952
1243590878360412160
1243600295315324929
1243601575894904832
1243615982339399688
1243628202880192512
1243632900274139136
1243633910803599365
1243633973538041874
1243636847781089280
1243650754881056768
1243650994854137856
1243653066752212995
1243667886025121792
1243668878418497536
1243690267162505216
1243692401908043777
1243710296549740551
1243716441393659904
1243718175721582592
1243724224297979905
1243731594260578304
1243741319186362368
1243747890406793222
1243759469026250752
1243817035597037570
1243818616958697472
1243898502578679808
1243898862793904137
1243901939437522946
1243906399232569345
1243908420324847616
1243911639986057216
1243916581949911045
1243934288829018112
1243946027779903489
1243962896268353536
1243973105535483906
1243975011960082432
1243981545213513728
1243993924596883457
1243998219001970689
1243999280685350917
1243999991506616321
1244009617761370116
1244011161420541952
1244020139865116672
1244021642986061824
1244037797003923456
1244054437665992704
1244059192974954496
1244062255387377665
1244078377771753472
1244088832657686530
1244095421691166723
1244100793591926784
1244112861888208896
1244117732725084161
1244119593750343680
1244136388074799104
1244159214072840192
1244175908333912070
1244177738153381889
1244178003791433728
1244182692146450433
1244185618005057537
1244186199696211968
1244195622468501504
1244195905999376384
1244210692724363265
1244214574410326017
1244219915093127169
1244231424179388417
1244235592772268033
1244237157155430400
1244237783851569152
1244241409613484034
1244241619345342468
1244243450247229440
1244244017212203008
1244244496822554625
1244244765207642113
1244245165050650625
1244245440977088513
1244248354457968640
1244252967064219648
1244252985858949121
1244253250200666125
1244253293892841472
1244254232561225729
1244257008532021249
1244260325572186112
1244263085877137411
1244264210122641409
1244267193442938887
1244270192710090753
1244272713432252417
1244273308834697219
1244273896704049155
1244275670718562304
1244279624919478272
1244280535335272450
1244319721022881792
1244356999791480832
1244514399831724032
1244694680832483330
1244700123306831879
1244738285252915200
1244955734871142400
1245007395039870976
1245037399429660675
1245052012472995840
1245091744791707648
1245119497863749633
1245133059751653377
1245241470841389056
1245289091639521280
1245294187668549632
1245339250406510592
1245381677821693952
1245434871431880704
1245670163350872064
1245689245122981889
1245697896726421504
1245749188672929792
1245750338658975753
1245759174161694721
1245773662327697410
1245796896054132736
1245812913140629504
1245814639407050760
1245828135192424455
1245874150587146247
1245974647742423045
1246035544858980352
1246035787780685826
1246037538638356480
1246049102195904512
1246069247580737536
1246070733161332736
1246074145747521536
1246074296394342401
1246081017141547008
1246090340282634240
1246120371780231170
1246123542523129856
1246142515515809792
1246241575467978752
1246332318836338688
1246349166915104768
1246396108474966016
1246452042681516034
1246615739835928576
1246729443156078597
1246784967666884608
1246808666281574401
1246890808621412352
1246905431298936832
1246952140997709824
1247043807998144515
1247106231044575238
1247160695533133824
1247175598100938753
1247180567730364423
1247185675696214016
1247236362102661126
1247240895520485383
1247289606774521856
1247337500315705344
1247423689789853697
1247457909769785344
1247463970400804864
1247540122020499457
1247544997966200832
1247551020823166983
1247580788557664256
1247616941159669761
1247619754728316935
1247667770940153858
1247796696450355200
1247879738342899712
1247880265122209792
1247937719843471360
1247954864484700160
1247968143097704449
1248010996137865217
1248100111143571456
1248166413484699648
1248231499746312192
1248256985100845057
1248258112898940930
1248372964136869888
1248373923210645509
1248397936775401474
1248422398312890369
1248507735433293824
1248605190455877634
1248656710136295424
1248667327975108609
1248692142752452608
1248730267302363141
1248736149914488833
1248747650108674048
1248756439713079296
1248758617496408064
1248760000278716416
1248766581942800389
1248823005414711296
1248840898240065538
1248898286703927297
1248981393557733376
1249075173808132097
1249342508041220097
1249378182274449410
1249404175504506880
1249411628455657477
1249472286526042112
1249575128888799233
1249765870177583106
1249797065762385920
1249798286472511488
1249804633767280642
1249830582118301696
1249850343661260801
1249869760633942016
1249988535588970498
1250054449407520768
1250170666168524800
1250170744300068864
1250195724458844160
1250334807352938499
1250356481133817857
1250419870493290496
1250428897524506630
1250467579988258819
1250470555288920066
1250646698717859841
1250650124088295425
1250774756128931843
1250799912838664193
1250804003878862848
1250904562120220675
1250904692470808583
1250914868741287936
1250934689810055170
1250983618568024064
1251010455797104640
1251120022799314945
1251542260283400195
1251625768121229320
1251625833460088832
1251630141966606339
1251755991755972611
1251768757086715904
1251806505483067395
1251843268062609408
1251844258132353024
1251964389776928769
1251974280176234497
1252292603455983626
1252292786474409984
1252296393596772353
1252376900413997065
1252391387833630733
1252556158134444032
1252595817174765568
1252607867179405312
1252618620225630212
1252958102703321088
1252976271119790080
1252979188258222080
1252979774957502464
1253033894510641153
1253186044431790087
1253187830685167616
1253188942108606465
1253240371586326528
1253281235985502209
1253300739369250818
1253407941924798465
1253453053073776640
1253460561410449408
1253549088307417089
1253579202076577797
1253626306882875397
1253637187817689091
1253641835907596294
1253651221904146432
1253689122138529793
1253718542186360832
1253725200174153730
1253796264090628096
1253849497777639426
1253887299336708096
1253915598683136000
1253919973623250944
1253950914206904320
1253969147416829955
1254014675928440832
1254056227832762370
1254123624597868544
1254217312367976453
1254254686774849536
1254344047541567491
1254502760826859520
1254513814680133633
1254551266925015043
1254574886090989568
1254846060117340161
1254860389256278018
1254920346798624773
1254920781638893568
1254968580011167746
1255119577152798720
1255255335339790336
1255630966820868096
1255693798278959104
1255917511373139972
1255931939116253189
1256044506790666242
1256070359314505729
1256072277780766720
1256074081314705408
1256083307126837259
1256084578525200385
1256085718092460037
1256104354995527681
1256112715883479046
1256119481350467584
1256131305680633856
1256168748073005062
1256225679735226369
1256341467058110470
1256501142298570754
1256564248702042114
1256573223912853504
1256574369532387330
1256575016705155073
1256908780186427394
1257290192303644674
1257452418293534721
1257528486270365701
1257669127331893250
1257693573887205380
1257948653748019200
1258033892713529346
1258118107958095872
1258176742168113152
1258200397984010241
1258360619897503745
1258660177919840256
1258663294304468992
1258816877607952386
1258829673817157635
1258872983113867266
1258886610877386753
1258931106239348737
1259096732228554754
1259099360589209600
1259103208166887424
1259119942236098567
1259121665914650624
1259121742292942848
1259128939622141953
1259478614631997440
1259521005418016768
1259565389320683521
1259682636127141888
1259688164110655488
1259855657727078400
1259883184482910214
1260101635688353801
1260208671046488068
1260233952935186432
1260248125647749126
1260322642613006336
1260336907256561665
1260460296449261577
1260555394524610564
1260713938255314944
1260732681219911682
1260959333736763394
1260989279586725892
1261059876278751233
1261060703152222214
1261323186194481158
1261323828916961280
1261442077230956544
1261466564215226368
1261493419832233990
1261543082383851520
1261713446497914880
1261997903108808704
1262222949035266055
1262292482550722560
1262348818084794370
1262423570648633344
1262449506160762884
1262484186457350145
1262501697424887808
1262561691671371777
1262743400240967696
1262745621552742402
1262745647574204421
1262746380142915587
1262760195089989634
1262798577295859714
1262799467910225920
1262863578115248129
1263046810370629632
1263046853274275841
1263047260033765376
1263138646842134538
1263175981998567424
1263184146983260161
1263189247466459136
1263212265681141760
1263303503327330304
1263332904735834114
1263388413375344640
1263470131222626305
1263474309969952775
1263480853012680704
1263482853347688449
1263488206651219968
1263493518087139328
1263494949535985664
1263497390150938625
1263500286519324673
1263503717418098691
1263506615048663040
1263510459807928320
1263511119110553601
1263516867672649728
1263518239541399554
1263522492179759104
1263526898472308738
1263527161790705664
1263527352421830657
1263527605539651585
1263531679760736257
1263533453770883079
1263533516869922816
1263543866004824066
1263545474474225665
1263550727114416128
1263561777805029378
1263572432943710208
1263574254387449858
1263577309220442112
1263578485081038848
1263582174181093377
1263582742979084292
1263597046365171718
1263601530734690304
1263614718566113280
1263616198434082820
1263624007439523845
1263635686994960384
1263636984913735681
1263641732958154752
1263662868450414596
1263663705864036353
1263669663214514179
1263669906727481344
1263672456100839425
1263676196740448257
1263695475091406851
1263717572811337728
1263718590185783297
1263719734178185216
1263720804489007105
1263721047456722945
1263726283210571776
1263726773197512704
1263731789778034695
1263733180756037637
1263736718236233728
1263737215651319809
1263737941911728129
1263740290713694210
1263741000520007680
1263756488818012162
1263767299166740480
1263777248517206018
1263790500001091585
1263794604345720832
1263797482326159364
1263813690979233792
1263823361374814208
1263844511656140808
1263844563015184384
1263849126296510465
1263857400890744837
1263859862620045314
1263862135098130435
1263862594793848832
1263864698996322304
1263871783859449856
1263875960283123713
1263881221203021824
1263884832083374080
1263884958927597569
1263886228174200832
1263889577221095429
1263890471861903361
1263892370136936451
1263893308750921729
1263893318150189057
1263894786546765830
1263894979040153601
1263910657121894400
1263920387697422336
1263923767304208385
1263927746360639488
1263928927459966983
1263929249980796928
1263940589357338628
1263943944695681025
1263963606187565056
1263963642149601282
1263964702364717056
1263968948330135558
1263969891628879872
1264006536126361600
1264007169701109760
1264011438810685441
1264014224193249281
1264016435585716227
1264016884036493312
1264020073620164614
1264020614416916481
1264021277305647105
1264025409471029250
1264025691068215304
1264027798030745600
1264028376890826754
1264029136521236480
1264038276895109121
1264045911078047747
1264048313310998528
1264054584755892225
1264058486087987202
1264067972454178816
1264068904457928705
1264086410296020993
1264088934960766978
1264090170350952449
1264095002935910401
1264103255249952768
1264109173178093573
1264112675354746881
1264113025713426433
1264114207257235456
1264119628705329152
1264123154177425408
1264131163515478019
1264136273683460096
1264137985953615872
1264139617651089408
1264156874288627712
1264159662515109893
1264162045781557249
1264162080288112640
1264164518097108993
1264167797325774849
1264175068432732160
1264180582352932864
1264185390719733766
1264194221604581376
1264197927888658432
1264198679298076672
1264200349793095681
1264205695366430721
1264207267613851649
1264208913366384640
1264210038102667264
1264220980555255810
1264224818909655040
1264228052600451072
1264236085074419712
1264240476632170496
1264240917872951296
1264251524030640128
1264269950178426892
1264271750965190657
1264272787511934976
1264273924843614208
1264276682791424000
1264281333431484418
1264292852454035457
1264293466793627648
1264303000253861889
1264311416787435520
1264318633154473984
1264323303331688449
1264336498582790145
1264338835040661504
1264341697074302976
1264341863408062471
1264343183523102721
1264344358121115648
1264347553065205760
1264350843588841472
1264351768751849473
1264368866152464385
1264372624651628546
1264374906440962050
1264380139468701697
1264380195626237955
1264382109805940738
1264382619443097605
1264383262987780097
1264399855436181504
1264405809880014848
1264406454997413888
1264408092697133056
1264408359421304833
1264408515306819592
1264421959993110529
1264432898305916928
1264444115158102017
1264449895714316289
1264450050001735680
1264468677967020032
1264472192655347713
1264473897195405314
1264478448115945477
1264492842480734210
1264492935409799169
1264506147651891200
1264514121292304384
1264515130638901249
1264517704918204421
1264519901064171520
1264526528613879808
1264534110355066887
1264536395961384961
1264540849146343425
1264541069364117510
1264541850792267776
1264542932964716550
1264544558068772866
1264544880556216320
1264544952144457728
1264548089618214913
1264553406829649920
1264555947990626304
1264556762243510272
1264557028049027074
1264557130193002502
1264559919879028737
1264564338339115012
1264565449259388928
1264571842565738496
1264579109700669441
1264586186363977730
1264586724136693762
1264592535751544834
1264594771001180160
1264595850287710209
1264597450498678785
1264600225597083649
1264600289698603008
1264600308308742145
1264600311949295624
1264600871544983552
1264603860838109188
1264610397392441345
1264616321817460737
1264622392023715840
1264625591745011712
1264630450405900288
1264634114038251521
1264644734590607360
1264646397418262528
1264647065998680066
1264647281216835591
1264648514220560392
1264651611156201472
1264663148109262848
1264671681685213185
1264673392508252162
1264673973817597952
1264679160783556613
1264679388416577536
1264681355968995328
1264682747966021632
1264683696365473798
1264684307592986624
1264689694748499970
1264700224263593985
1264700249932812288
1264701834008109057
1264708711664115714
1264709680288366594
1264715344259801088
1264722881700913155
1264722924428300294
1264729364060463105
1264735567847161857
1264745125223292937
1264746023487967232
1264753585881055233
1264755258338824194
1264755833935728641
1264762363741302785
1264762687445241858
1264764284535558144
1264765578952269825
1264775337805783040
1264778772496203776
1264781199958061057
1264783759737421824
1264784160335544320
1264785147079131136
1264790045736796162
1264791227460968448
1264794366276763648
1264817296595435520
1264828119908786176
1264842221917884416
1264849466055524353
1264860657041752066
1264862941045645313
1264867881432551424
1264867889187864577
1264869441894076425
1264874290773663744
1264877150638731266
1264890686542712832
1264891227192922113
1264891313922674690
1264893236793008134
1264896241000800258
1264900208770592773
1264902452278702081
1264902497782677504
1264911768821870592
1264912602498564096
1264917923363205120
1264922921429917697
1264935468463992832
1264939048784756738
1264939630744518656
1264940871515955202
1264941948315598854
1264943246586843136
1264943278299836417
1264943313561550850
1264956485164924928
1264958473890156544
1264959710916161536
1264960008925646852
1264960250530193408
1264961602153066496
1264962433048813572
1264962597281021953
1264962923463614469
1264964562291474437
1264967039917187077
1264971882731888640
1264973181271658496
1264973213328486401
1264974815141781504
1264982632284200960
1264982787867590656
1264983355474563074
1264983385086332933
1264983439901483009
1264983456821284864
1264983578925871104
1264987710646878214
1264987841320402945
1264989221925916675
1264991681914589184
1264992579038392320
1264994908848435201
1264996098734727168
1264996791553908739
1264996796981489666
1264998487990697992
1264998547113627649
1264999390852382720
1265000836322607104
1265002303721013252
1265003614696804354
1265010635164827649
1265010640235749376
1265014284461002754
1265014286516129793
1265014614963732483
1265016664946626563
1265017276560035841
1265018091269795842
1265018825944322050
1265019197421166593
1265020015151022088
1265020049380835336
1265020053818413056
1265021667337818114
1265027438368735232
1265028416119635971
1265030858022543360
1265032526512427011
1265032773657640960
1265032919455870976
1265032993137180673
1265036178685923328
1265037260266696704
1265037283847110656
1265038687815041025
1265039350011695106
1265039374590361601
1265040044856877059
1265044832961081345
1265046447319367683
1265049120475172864
1265049404727103488
1265052441239851009
1265052855775436803
1265055257840758784
1265057547603542022
1265058067684753409
1265058148236263424
1265060992138063873
1265064924243464194
1265066215610830849
1265072235376791553
1265072271288221696
1265076202148167682
1265081983048257539
1265083131280920578
1265084207241576448
1265090232782856196
1265092126867632128
1265093331060736003
1265094881707388928
1265099236082769921
1265099306077470720
1265105362572783623
1265105432722505733
1265105806837428225
1265107197610123265
1265110452071260160
1265110494052048903
1265110544752586752
1265110597374316544
1265120387282714624
1265129426037157889
1265129556442255361
1265135916818915330
1265138642948931584
1265141662415597574
1265143591397027841
1265144076518776837
1265153194432356353
1265157246125854722
1265168885193424897
1265173244207927297
1265177906197733376
1265180120546869248
1265180522751201282
1265181525420761088
1265184007542714368
1265184542140190720
1265184776924786690
1265187698987450369
1265188529597972482
1265191014991568896
1265192332233781248
1265192367356772358
1265193509797212161
1265194004100141057
1265199306048442368
1265200993324728325
1265202497607606272
1265203221640904711
1265203803541827587
1265204308766789632
1265206060626800640
1265206086367313920
1265207656790327297
1265213402839830530
1265214563248726018
1265215790963240961
1265217363391270912
1265217914560548869
1265220572629303298
1265220917011103747
1265223387774779392
1265231591133102081
1265232570209402880
1265233875451572227
1265239039688552453
1265239730846863363
1265243120809029634
1265246298447458309
1265246717177462785
1265247382683430912
1265250340699549702
1265250489043750913
1265255680807763968
1265255965055750145
1265257347451990017
1265264070317441029
1265264606404116482
1265266012431233024
1265271203549327360
1265272511098322945
1265272556434710528
1265273219411578880
1265273503432859649
1265275000065589254
1265280247844335616
1265280592071012354
1265281627279818755
1265282197436628995
1265283622778605570
1265285137488625666
1265285525151285248
1265287056189566976
1265289130747015168
1265289971864424448
1265292859130834945
1265292863555932161
1265293515396976641
1265294329813381120
1265296465456488450
1265297467462914049
1265298532937928710
1265298550717628417
1265299565688893441
1265303308094320642
1265303742854897665
1265303940817735681
1265305580744384512
1265306806693347328
1265307316204830722
1265307859006488577
1265308844353376257
1265308973466415104
1265309012037439488
1265309385426825223
1265310284639604736
1265311197311782913
1265311321341472779
1265311739333074944
1265314331375345666
1265315361999609862
1265315897838907392
1265316639735676931
1265322118725668869
1265327128700243968
1265330904614010886
1265333054228365312
1265333277403086849
1265333569909596160
1265334529289527296
1265335220934492163
1265335817771180032
1265340130249801729
1265341318500319233
1265343436061884417
1265350579259232256
1265353545341112320
1265357807710351367
1265358039865069569
1265358366123134978
1265364484874317824
1265367464965259266
1265369396060590080
1265375661558042624
1265377235646779392
1265379467444260864
1265382289615265792
1265383689090994176
1265388419296882689
1265388661148794880
1265389004473729024
1265391510452756481
1265392378082471937
1265396424134533121
1265398231527194624
1265400763087556608
1265401691907788806
1265402438284124161
1265403968399618049
1265404119424040962
1265405668028276742
1265406758412943360
1265408448411373568
1265410151181357056
1265410539112595457
1265410599019823106
1265410685976154112
1265414308789235712
1265414724574830592
1265416376690397185
1265421005998174208
1265422904340221952
1265425630042173440
1265427830185263104
1265432228127014918
1265435951242698752
1265437056542662657
1265437291012485120
1265443339588874240
1265448315254009856
1265450259473285121
1265450426830336002
1265452641636823041
1265461026717233152
1265462941672976384
1265463353486405632
1265464314565210112
1265477086644277248
1265481285570572289
1265482055137349634
1265484983273021440
1265489849521324032
1265495242653958146
1265495474661994496
1265495921678221315
1265498923860361217
1265512867580821509
1265513354195542023
1265514287252070400
1265515900934946818
1265518072976334852
1265519656569356288
1265520123776991236
1265522715697577986
1265523126999191571
1265523291613270017
1265526094209388548
1265526814623006722
1265529582171697155
1265529906517151745
1265530602125697031
1265536550424719361
1265537398345281536
1265539741384093698
1265542495129219072
1265548761679437833
1265549863900585986
1265551986428182534
1265553432213180418
1265561016856961024
1265563776897728513
1265566034985172994
1265569430903369729
1265570300323926017
1265570751492632581
1265571321821437958
1265575887266893824
1265579523250290689
1265584753262149633
1265585123405303810
1265585550792237057
1265586572872671234
1265586643693719552
1265587373712310274
1265591113047511040
1265592319694311425
1265595836106518528
1265598627046543360
1265600683006398466
1265602135410040832
1265605989367242752
1265606272201744385
1265609633412112384
1265610451628498945
1265611945656438785
1265612692146003968
1265613213162450945
1265613445509996557
1265613974839705600
1265614199180464136
1265614261398769666
1265614523257536512
1265615369080729600
1265616411105193986
1265618332105019392
1265618563601182720
1265621521793499136
1265622528627748864
1265626354957123584
1265628403279048705
1265628430495875073
1265628476364558337
1265629101747994624
1265629837542203392
1265630475462180870
1265631092410851328
1265637318615953409
1265637411985469440
1265637432491474946
1265637473578868736
1265637652772126720
1265637671344332804
1265638672269008896
1265640061913067521
1265641524412497925
1265644069725843457
1265644372214898692
1265644906242080771
1265646007204880384
1265646438941220866
1265646682454265862
1265647466331779073
1265648932316753920
1265651679212511233
1265654975142563840
1265655158647783424
1265655176058241025
1265656006618615808
1265658151375904769
1265658378866450432
1265658416371990529
1265658471560740871
1265658689198993410
1265662696445353986
1265663769407078400
1265668503832494085
1265669847146323968
1265670992619323392
1265672073336127489
1265672646177378304
1265674122165514241
1265675525948870664
1265677093335109632
1265677236704808961
1265678389559488513
1265679657535279105
1265681000153198596
1265681016057925637
1265681715609194499
1265684861408276481
1265685579691245571
1265685819538407425
1265686542359629824
1265688877660082177
1265689479689523207
1265689568747151361
1265690611421773824
1265691710014648320
1265694722372382720
1265695973830987783
1265696650875613189
1265702610931236864
1265709009832722432
1265711743139020801
1265713279139282948
1265715178743742470
1265715587088633856
1265719364424171520
1265719963039473664
1265725049375535105
1265730241298755585
1265735326640685056
1265735795773710338
1265737077443960838
1265737127310098432
1265740386162614274
1265742036956852237
1265742202845704194
1265742695739334656
1265747017046921217
1265749127071182848
1265749337818054656
1265749352439562247
1265749726118531076
1265751451462230016
1265753289079115779
1265754250706997248
1265755006352973825
1265757986284285954
1265761108658438144
1265764557651230720
1265764841802743814
1265765066206515200
1265767818504568834
1265768065498861569
1265769197935755264
1265772025567682564
1265772711726415875
1265777325121187841
1265777799924551680
1265780393673809920
1265783329128759296
1265784591710855169
1265786192106156032
1265786256291622913
1265787914769883140
1265795840486055937
1265799336677511168
1265801906145890304
1265802733858291713
1265806050504163331
1265806358319947777
1265806655624638464
1265807007807877121
1265807621187162112
1265809717500301313
1265809883334610944
1265811711812161537
1265814882298937345
1265815448664240128
1265815874746740736
1265816093102272512
1265816275286028290
1265817491093295104
1265822255872909313
1265823260064661505
1265823472254619650
1265823671765041153
1265824387388837888
1265826677562589184
1265827676302049282
1265828996606054401
1265830206436077568
1265835423500324865
1265837079830892544
1265838456363778054
1265840783535624193
1265841155675226114
1265843762426777602
1265844067973263360
1265846340132757504
1265853038142590976
1265857905053573120
1265858188772929541
1265858989062893568
1265861808126074880
1265862283403702273
1265863993668730882
1265869182089846784
1265870366007652352
1265871752090890240
1265877786645823488
1265880628001517568
1265888636874174464
1265891174067376132
1265892104271626240
1265895246879240195
1265898557111926784
1265904870378225665
1265921154755289088
1265924316325175296
1265925096495108098
1265927713430347776
1265930761162690561
1265935650060152835
1265938447476260864
1265943925807702016
1265945274041733121
1265948552427118592
1265952295654699010
1265959369033879559
1265959370241839105
1265961251949015040
1265961326469414917
1265961750215700482
1265963980859850755
1265966275559333888
1265986153687273477
1265987560548921345
1265987719064367107
1265991491492753408
1265991798993928193
1265996075531407361
1265996761341939712
1265998086050111489
1265998417009930243
1265999634150813701
1265999658339282947
1266000018688917506
1266000959714537473
1266001811439341568
1266002370691059717
1266004868147208197
1266005806551633920
1266007232660926464
1266008541820784645
1266010468734377990
1266013816292282368
1266015336190685187
1266017169118281728
1266022037627310081
1266025421746982917
1266026188469866496
1266026339158708229
1266026702301540352
1266028959185199105
1266028967859011584
1266033971881746440
1266034039607058433
1266035872614551553
1266038793775263745
1266041221417504768
1266042655181549571
1266044327500951553
1266045864000118784
1266046113498509313
1266046320176803846
1266053145534230528
1266053277210128385
1266055311347023872
1266063935012319233
1266067784938729473
1266068963995377666
1266071056588197890
1266073441960103941
1266073550668140547
1266075302700224515
1266078491033759745
1266083847969570816
1266084828111351808
1266085359798140931
1266087736345268226
1266088235878412289
1266097625079713793
1266099433105526784
1266104560013029376
1266104624768929792
1266112165594923011
1266115418965475328
1266115551962656768
1266117651186757639
1266118783694974984
1266126382905675776
1266128577390665728
1266129153981587459
1266129672682774528
1266129798964875267
1266131245592911874
1266133566213234692
1266138014306230272
1266138068639264769
1266139298086215681
1266142390441725953
1266143029414461442
1266143080618446848
1266147556259696642
1266148132393533444
1266149106482728960
1266149554040254465
1266154623045210112
1266155511121981440
1266156107661279240
1266158127625367553
1266158311646334982
1266163846193926144
1266164930501201920
1266166299014512640
1266169024855097344
1266173622001053696
1266173766071009281
1266175564634783745
1266179851867709441
1266183520872837130
1266190255285288960
1266191791214084096
1266198857169489920
1266199332304412672
1266206519399460865
1266206840620105729
1266207743007809536
1266217229189894154
1266220569483190273
1266226221672656897
1266234648733970438
1266236725942120448
1266238245228015616
1266244887772450817
1266245890563428353
1266248487743582214
1266248490788638727
1266254173881823234
1266255851037188098
1266260702634754049
1266267121836650496
1266272230079557644
1266283473993494529
1266287859926851588
1266288625827737600
1266290548169564166
1266293498631708674
1266297087970299905
1266313333113749504
1266315915664207873
1266317533373579265
1266327789688553472
1266328631611097091
1266330940441231360
1266332235189432320
1266332517189255169
1266332757577338881
1266333806773952512
1266334434644635650
1266341359901908992
1266344814313906177
1266347758392193030
1266351177739821056
1266353758616903688
1266360042418298881
1266360659094253569
1266364162743177216
1266369023358275585
1266372511630942215
1266377998061588480
1266381181433589760
1266381727787888640
1266383948999020547
1266387122639876099
1266388314652737536
1266390213380706304
1266391750471553024
1266392366367244289
1266392772111740931
1266393576847618048
1266395161396940807
1266395328972042241
1266395917231497216
1266397267067457536
1266399591194415105
1266401468216639491
1266402714914783232
1266406498311208961
1266406567416664071
1266407830308786176
1266411589588127746
1266412623307792390
1266413085826453504
1266413272170930180
1266413948846460928
1266415030892978177
1266418479604826115
1266419064785666050
1266419697748193280
1266423306292359171
1266423829162790912
1266427515704414208
1266427586583818242
1266428089204125703
1266429893270663171
1266434011062296576
1266434832847921152
1266436230348242945
1266436650130829312
1266436762475196416
1266439959667499023
1266440280766545925
1266444499833643009
1266444516397023233
1266446772404203521
1266448804619976704
1266450360790593546
1266451308711514113
1266452498598047746
1266456672110854153
1266458957452804096
1266460719102525442
1266461695288979456
1266462521046773766
1266465450000515074
1266468727501062144
1266470147201662981
1266473156262481925
1266474469540970498
1266474735283601409
1266474943711248385
1266487271945113606
1266492130987474944
1266494423103307776
1266494574500835328
1266501113320275968
1266501378807119872
1266504596748488714
1266506499410366464
1266506541714280453
1266508368199315459
1266513355075878913
1266515538437603330
1266525549658173440
1266525663718187012
1266531042678235140
1266536500923002880
1266536750182068224
1266538833291534336
1266541000131883009
1266548912061480960
1266554010410070017
1266558097331347456
1266561215024619520
1266575987686273025
1266621614260715521
1266810559665766403
1266841969524867073
1267093269902528514
1267543248492302336
1267807330525229059
1267812547157127170
1267813492993650688
1268325587568848896
1268388122225594379
1268441669508227072
1268522635467476994
1268603748143828996
1268695558111150080
1269033718162665472
1269054255983280128
1269120239087878145
1269201931286839297
1269208798050217985
1269248791200186369
1269444878028734465
1269644216042487810
1269777385878102021
1269913851614683136
1270059459616923648
1270146776708845571
1270306923972362240
1270340557915783168
1270403264413040640
1270527694019670018
1270767970243969024
1270806463947079687
1270923839875227648
1271050043009662977
1271128246768336896
1271153291565678592
1271213137144905729
1271451674444529664
1271823865157738496
1271945019549790209
1271983316112158727
1272036971498651648
1272049254589247488
1272129010965917696
1272242058389061632
1272273083190194177
1272784681574989824
1272784948655726592
1272786028038959104
1272786549793386496
1272788666134323200
1272790413972312066
1272790423908397056
1272793633704607744
1272793780798676998
1272793845017739265
1272802533585625088
1272804799801552896
1272806155018878976
1272807396814008322
1272807506142781441
1272812996180533249
1272815202262753280
1272816257473994754
1272818062799052805
1272822432856973312
1272827425718538240
1272828781108084738
1272839773124730880
1272844888476917762
1272852843339317251
1272854765966417920
1272855969660354560
1272857556596056065
1272858112869924864
1272860777892974593
1272863253752958981
1272865308529823745
1272865903370264576
1272867251264290816
1272869963532046336
1272870082767515648
1272871014314188801
1272871798439362563
1272872099850457089
1272875777952972803
1272875972421914624
1272876436924350464
1272876751723663364
1272877416755548160
1272878134275092480
1272881990971293696
1272882550093086723
1272883141817049094
1272883326307704838
1272883683465314305
1272884683030831104
1272884759870402560
1272884965995417600
1272888185882902531
1272888822313910274
1272889230327414785
1272889248027488256
1272889278780096513
1272889999076229122
1272890098758156290
1272890543924809729
1272890970183475200
1272891241286549514
1272891966976593928
1272893869517086720
1272895324823175168
1272896010637934603
1272896027788488711
1272899227207729154
1272900413122129926
1272900603329511425
1272901160660279298
1272901755970490369
1272902123785801729
1272903223439917062
1272904014284324865
1272904381407596544
1272905464217579524
1272905679200804868
1272906789990936577
1272908792922062851
1272908794104893455
1272909942454996997
1272911855158255617
1272913371499597824
1272913852066222080
1272916281327595520
1272917396542697472
1272917677548482560
1272917949582643200
1272920017248481280
1272920076132458496
1272921391139037184
1272923858517934081
1272924771773296641
1272925931212951553
1272927342114099200
1272927853139628034
1272929432966180865
1272929735799197696
1272930235873361922
1272931016982712320
1272931324110663680
1272933320918282242
1272933942052732934
1272934241039536129
1272934319305064448
1272934477312987136
1272935753631268865
1272935951287955456
1272937131007258631
1272937357591773186
1272937662190620674
1272938435280539650
1272938743318499328
1272939302293590016
1272939856948330497
1272940403113832448
1272941647354114049
1272942576828477440
1272942626036166656
1272943798268682241
1272944334694944768
1272944664803307522
1272945327948140546
1272945422374404097
1272946236308566020
1272947425867595776
1272949093288103936
1272949699406938112
1272949723926687744
1272950175061999616
1272952202227843072
1272954082244919301
1272954154911236096
1272957102479364099
1272957727011041281
1272957798381506560
1272957830790856705
1272958879987642369
1272959190072528896
1272959286939877377
1272961500118945793
1272961863727407106
1272964427021680646
1272965777533005824
1272966123403837440
1272966953200545793
1272968110421749766
1272968293574275072
1272968588215889923
1272969765309612034
1272972546577760256
1272973456850763777
1272973798338428929
1272974156980772864
1272974727888334848
1272975438395080706
1272976560362909696
1272976837937856513
1272977720297824264
1272977890158805004
1272978513449140227
1272978965796249601
1272979481297387521
1272980058806849538
1272980576384008192
1272980914201604106
1272981362505592832
1272982096278102017
1272984982017867776
1272986204452028416
1272986767503904769
1272987310909521920
1272988645394452480
1272991245577707522
1272991326217232384
1272992331663200257
1272992530120900608
1272994645799104512
1272994657828507650
1272995841309945857
1272997121269084164
1272999587335139330
1272999676476821505
1272999784039673859
1273000131063881738
1273005687489073152
1273006580909453316
1273007447649779712
1273007615707136001
1273007652851728384
1273007941428432896
1273008983914303490
1273009591463231488
1273013426340626432
1273016127954845701
1273016329268846598
1273016334255828992
1273020351493046274
1273022079240146944
1273023475926564865
1273026126118617088
1273026441853177858
1273027245641273346
1273027721753477121
1273035036418289666
1273035163463757824
1273035687676252160
1273038422286962689
1273042611599814656
1273043614835322882
1273049382611562498
1273051070856663042
1273051397676847109
1273052539345350657
1273052865502855179
1273052895043375105
1273053841416740865
1273055387655254024
1273057742060576768
1273057839385317377
1273058595786166275
1273059836356374533
1273064681465249793
1273067678660300801
1273071346369658881
1273077731048095744
1273077944693514243
1273079052224651264
1273079986904170497
1273082178981806080
1273083424610439168
1273085680361635840
1273086265014005765
1273086341656522753
1273086622683115520
1273093070125441025
1273093835955019782
1273095386438283266
1273097307572056065
1273097675106328582
1273098453476757504
1273098825432010760
1273099031854698498
1273099143750320128
1273099155452223488
1273101522612686849
1273101874225459202
1273103113071857665
1273107038906826758
1273107855374237699
1273108713994420225
1273111415314886656
1273112860990869504
1273114369992404992
1273118057003732994
1273127803135897602
1273128492729864193
1273130256296226817
1273134333855961089
1273148360267042816
1273158843598622727
1273158903606493186
1273171085643657217
1273171893646999552
1273173289851117568
1273189389921857537
1273191418312310784
1273212973478301697
1273220093506445312
1273220333550678018
1273222408279908352
1273223511528570882
1273223845860855810
1273226653800574976
1273231095790735362
1273231763037466626
1273235916958523398
1273238935800631296
1273239954081091584
1273246015244709888
1273248481898041344
1273249098636890113
1273251650073960448
1273252403303927809
1273253068956712961
1273253660173070337
1273254292800114689
1273254895169273856
1273255755395653637
1273256150172151810
1273258259600809986
1273261985673682945
1273263614720389121
1273264183329652748
1273268822888366081
1273270655824228352
1273273179868475392
1273275210062614530
1273276551103160320
1273276716941668352
1273276950166016002
1273277926046404608
1273279221511581699
1273280622581121025
1273280751388241920
1273281742208729088
1273282232359301124
1273282238864654336
1273282420410847239
1273283073673703425
1273283186022219777
1273285027556548608
1273286418312433665
1273286869405458432
1273287681418485760
1273287905650360320
1273288525501411328
1273288626349076480
1273289338642747393
1273290106430873601
1273290303298994177
1273291559405043715
1273291833767014400
1273293694775558147
1273295817693106176
1273295819404390400
1273297276602064896
1273297891168333824
1273298226020376576
1273298319066857472
1273298842985869312
1273299112570564609
1273299662913581056
1273301254429696009
1273301310637563905
1273304385506942976
1273306340161699843
1273311342460645376
1273313618197491712
1273313773680541697
1273315067833061384
1273317666229555200
1273317975853092864
1273318413893541889
1273318485234528256
1273320135475036160
1273322637788360705
1273322820337053696
1273323110205460480
1273323195987374084
1273325777514385410
1273325800972890114
1273326227324051456
1273326687862702080
1273329302264840194
1273330554616700930
1273332630038216704
1273333215927951365
1273333770695979009
1273334330811547650
1273336748387508232
1273337680227717120
1273339098917408769
1273340314376421379
1273342461482536966
1273344278643654656
1273344528251052032
1273346463532269568
1273348020227080194
1273348464706027520
1273348944857366529
1273349138554523648
1273349200957157376
1273349252484300805
1273349908981055489
1273351367386517504
1273352444634898433
1273355953719529477
1273360621325737997
1273361628654825472
1273361725761486848
1273363190777352193
1273364652253040640
1273370197416697861
1273370294732931072
1273375043016368129
1273375295337357316
1273378079998504960
1273378830615482369
1273380848893661187
1273382391336198144
1273384814629044225
1273384940223283206
1273388977807114240
1273390779159977985
1273392921752989702
1273397129806000129
1273401812524183552
1273403288659075077
1273404219995885570
1273405647409885184
1273406260419850241
1273408940450217984
1273410998620192768
1273413154400350208
1273413834003427328
1273414131618426880
1273415898922188808
1273416848982212608
1273420915586539520
1273424870005751809
1273425899728392193
1273425910147014656
1273427217503137793
1273427266312290304
1273450146848628738
1273451877880004608
1273457190565634048
1273460123403350016
1273461411042254848
1273464033002377216
1273465036502073344
1273465460789575680
1273467706109460480
1273471185595043840
1273473301415952386
1273476757882986497
1273477141963911168
1273478235632762881
1273482857088860160
1273488147565801479
1273491877388529664
1273495601485762560
1273497091260776448
1273502117475438597
1273502927806590982
1273513635088719872
1273514222509535232
1273514422724681728
1273518470605557760
1273518726302793728
1273527190148329477
1273542213033766912
1273548203158315013
1273549102345846786
1273551956997312514
1273555443193753600
1273562097163440128
1273580149158612992
1273580878774616065
1273582082820694016
1273582753267814400
1273582754966495233
1273582942703497222
1273583691164520448
1273585752983519235
1273586370124976128
1273586441843597312
1273588270069362689
1273590213315629057
1273590699896770560
1273591838193172480
1273592229379047424
1273595889920196614
1273602719157063685
1273602773096030208
1273603384818511873
1273603895080693762
1273605465927110656
1273608371212615686
1273609222547275776
1273609247998316545
1273611227307167745
1273611695320174598
1273612737399177219
1273614231619997697
1273614739055280129
1273616329207975936
1273617672790577152
1273621685241958400
1273621900032380935
1273623094712774656
1273624361887567874
1273624392665190403
1273626683141210114
1273626797100367872
1273631614564814848
1273635285528481793
1273643739161014272
1273644513974616064
1273646729422831618
1273646909228548097
1273647542266454019
1273647598482542593
1273648448483491842
1273649203835580416
1273652008684224519
1273652921234796545
1273652980924010499
1273653260646219790
1273653701207605251
1273655982669926400
1273658958348255232
1273659829681360897
1273660070631530496
1273661241844629504
1273661755705753606
1273661759463645184
1273662253171122176
1273663986635026434
1273664027697254402
1273668433708605440
1273676253195689985
1273677355979100161
1273681266664181766
1273684472362340352
1273686263107854338
1273686484919484426
1273686933659500544
1273687282357338117
1273689473256128517
1273689917923655680
1273691182040743942
1273691510823964673
1273693511452368900
1273694761807949825
1273698237312987137
1273700548102021122
1273703197467480065
1273708217038704641
1273709249881931778
1273709724668776448
1273711023053135872
1273713346630627330
1273713896835051520
1273715388841439235
1273715559453114372
1273716307121385472
1273717918568759301
1273719312172400640
1273719444380848128
1273720254481477632
1273720588000022529
1273721091748499456
1273723261864599554
1273723924858245125
1273724072850067460
1273724673956642821
1273727644115234816
1273732419602935809
1273734714101284864
1273734766613929986
1273735412079607814
1273737315794313218
1273737511098032128
1273739860579250176
1273742482870804481
1273744583827038209
1273745150439645185
1273747532213104648
1273750073755815937
1273750482457112577
1273751553069981696
1273752036128014342
1273752266911211522
1273753757696831489
1273755243105247233
1273756125645737986
1273760218493734915
1273760762394107904
1273763645185384448
1273764452194795521
1273764539046203392
1273767629753212928
1273769548605468678
1273770565631905792
1273771098191081474
1273774536190763008
1273774565580255239
1273778219162853377
1273779464481062912
1273779591803400192
1273783109830533120
1273783681337917441
1273787785430925315
1273787925247991812
1273790199923761154
1273791600532094978
1273793782371119104
1273794611761250305
1273796186680504325
1273796881441861636
1273798929805500416
1273800420301955072
1273801942913839104
1273806273000222720
1273806722339991552
1273807324348547072
1273809400294236160
1273810599227592704
1273813283359928320
1273813922584432640
1273816872635392000
1273819429885763585
1273821101018230784
1273828369117962240
1273828687062982657
1273828762317197323
1273830154406490113
1273832128686555136
1273834621235539973
1273835093568749568
1273836239356153858
1273837174279069696
1273842594427133952
1273844619550351361
1273846955303530496
1273853024666939392
1273854741580255232
1273858142380658688
1273862861060632579
1273863841697447936
1273866718926913536
1273867531946807296
1273868996744536064
1273870503586004992
1273872743671271430
1273876187547414528
1273885784765009920
1273886721285947393
1273888337250713600
1273890279355904000
1273895872997269504
1273901738001604609
1273903414200668160
1273912924042559488
1273916380467859456
1273917619956047877
1273923119602753537
1273927629251338240
1273929743646277637
1273936930145734659
1273939868981366785
1273950399486099457
1273954830877368320
1273955095814832129
1273955518512418816
1273961942215000070
1273962635541639169
1273967015221485570
1273967665283907585
1273974860293844993
1273975172786159618
1273975258865860610
1273979465136320513
1273981102957293568
1273981141939367938
1273981704093532160
1273981754257207296
1273985315225640962
1273990727698051072
1273990964831543296
1273991282919198720
1273992573271474176
1273997271210897408
1273999806147424256
1274000424052363265
1274000471787741187
1274000902224044033
1274001207049084931
1274003140480770054
1274003519851212806
1274007219797975041
1274009048640139265
1274009339280478209
1274010534275239936
1274010539358912517
1274011324440346624
1274014423942926338
1274015695899164673
1274017167042736129
1274017867147730944
1274018518657359872
1274024198390919168
1274024540415369217
1274024648011927552
1274025896509427712
1274027329845522433
1274027351429480448
1274028138167545856
1274028489361022976
1274030408066351109
1274034151193063424
1274035238809882625
1274036620421812224
1274040094794616832
1274042799927812096
1274043963692003328
1274046925050990592
1274048145715007489
1274048533944041479
1274050854690136064
1274052512996380675
1274054382708031491
1274055689351000064
1274061194471575553
1274063356417245184
1274063815886413825
1274072324380086272
1274074485080154112
1274075450092838912
1274076936562790400
1274077863969464322
1274080237664399360
1274080987115401217
1274081583872565248
1274084937667276800
1274085322649935872
1274086729142730758
1274089303430266880
1274089985424142336
1274090638817079297
1274091221141471232
1274092397585149954
1274092760102924288
1274094175336579072
1274095029917831176
1274098303467216902
1274099062170693633
1274101809469173762
1274102954367180800
1274107053972377601
1274109621410676736
1274109737416581120
1274111298838519808
1274111835172737025
1274118222133035008
1274120818759360512
1274123462559367171
1274124272307404800
1274127853936877570
1274130573343277062
1274134367783305216
1274140129393852416
1274142752461197312
1274148844759134209
1274154327058325504
1274154537499099136
1274155127973261313
1274159371262390273
1274161266123137024
1274162460233289730
1274163061230714881
1274170661913669632
1274177086241083392
1274177673208659968
1274180206543228928
1274181658930012163
1274181677653168136
1274183362450722817
1274188222055284736
1274188485465763848
1274193104677961728
1274195127553196037
1274198358891147265
1274201302529179648
1274201757875306498
1274207390737391616
1274208861335912450
1274217453799616513
1274223354317279234
1274225283411787777
1274226462829301763
1274226935552454657
1274228441672368128
1274228616067416065
1274229162899890176
1274244043585712128
1274248177227403269
1274251245742706688
1274255918721413121
1274259028739158016
1274263866428526593
1274268328228503553
1274274787938848768
1274279075075457025
1274279952058376192
1274281333171400704
1274283715271720961
1274283816216035333
1274288807634972674
1274290273225490432
1274290617376440320
1274291287596957696
1274292313519460353
1274294301422485504
1274306971257180161
1274308503650349056
1274311104332804101
1274311200101326850
1274313184476831745
1274317456446758914
1274317897431609345
1274321021990875138
1274321421452185601
1274324063960264705
1274324400645472264
1274329013507555331
1274331084570984455
1274334226247286790
1274335123463458818
1274335519959388160
1274339075286134785
1274340733562970112
1274341778389336065
1274341829979365376
1274344270053306369
1274344809445167104
1274345548699635712
1274348578618503170
1274349167926587392
1274352162340892673
1274355458417942528
1274356422856171521
1274359038151503874
1274359449533263882
1274361149354659843
1274366082577358857
1274368671511609344
1274370495748718593
1274373743419293697
1274378811480686594
1274379509849079809
1274381603343446017
1274383883514101760
1274384000174481408
1274385384760324096
1274385815729135618
1274386781404684290
1274386868457570305
1274387498110771201
1274388951868960770
1274390654097874944
1274391186627854336
1274395668107280385
1274403733166645248
1274404523965124609
1274408766696390661
1274413874725433344
1274415120744144896
1274415573489852421
1274416030887153664
1274418726394265600
1274418792899022848
1274419125310218240
1274423407099035650
1274424004942671873
1274424241685962758
1274424551280128001
1274426460074209280
1274426731320029186
1274432305734406144
1274438522485735424
1274438669798125568
1274439400819175426
1274439613604483072
1274441411711000576
1274442940165783552
1274443028867022849
1274443961399205888
1274444077073915910
1274444450643787777
1274447016702115843
1274449180283432960
1274451570210545666
1274454069378256903
1274461156632145921
1274462373336756224
1274464615578177537
1274466177172078598
1274466300501188608
1274468068664713218
1274471944524611587
1274474868726259712
1274475979952418816
1274476656300683265
1274476769085661186
1274478402326671361
1274479774170337280
1274480109550878722
1274480399582986247
1274483327039352832
1274485103452917760
1274486284002656256
1274486394673659909
1274493937730957312
1274495703654547457
1274497501005897729
1274498358166597633
1274498822174126081
1274500074689622016
1274501648954429441
1274503410499366914
1274509286622638080
1274509492630110208
1274510584134787073
1274511889897156608
1274514481083604992
1274516359876132866
1274517098451132416
1274521586800844800
1274521751175733248
1274522028570271744
1274524547564236800
1274524866197065729
1274525692613582849
1274526326456610817
1274526592124010500
1274531310657171461
1274531389329698816
1274533188392620032
1274534387934208002
1274534998687617025
1274538238515044352
1274542468168630272
1274544096997249028
1274547179021987840
1274551802759766017
1274551834305196032
1274552997394120705
1274554738541948928
1274555321256685568
1274558426178347009
1274566750227648522
1274567355981533184
1274567650828484610
1274568243232018432
1274580443589836800
1274587533871988736
1274588767710568448
1274591048807837696
1274591064867762176
1274593290260750336
1274600682192924673
1274610057561411584
1274612315300794369
1274615227875823616
1274617297148055552
1274625074423881730
1274625338744598528
1274626873729974273
1274634577546366978
1274637116778188803
1274660919478325248
1274663928568721414
1274665518428020736
1274669202536689665
1274673436992737281
1274677341290029058
1274684404309295105
1274684528280256512
1274687404482461698
1274689418641788930
1274694740160606209
1274697575220883458
1274699098164285443
1274699780187467777
1274705219838980100
1274709245829672961
1274710807121625088
1274712995214626820
1274715861249658881
1274717359794786304
1274718466755477504
1274719493856595971
1274719993939329026
1274722909249028096
1274723942809235456
1274730217211297793
1274730919014825984
1274732914174038016
1274733608385814528
1274734942677852160
1274736082752540676
1274740768616280064
1274741235656404992
1274742376968445952
1274746091142086657
1274748780919656449
1274758276371054592
1274759121422647298
1274759927135973377
1274760799135739904
1274764086555947014
1274764147713073152
1274773405779193860
1274773617226596352
1274778618447704064
1274780389039636482
1274781542582300675
1274782392088244224
1274787878728536068
1274790037197148162
1274792244449554433
1274792602282291200
1274796902178082816
1274799307003252738
1274800644692406274
1274803381102575616
1274803512673808384
1274807314772627456
1274809325203193857
1274823099163148288
1274826380128239616
1274826856961728513
1274828957758550018
1274829241096343553
1274831727748399120
1274831845952086020
1274834730903429120
1274836251070226432
1274836936621010944
1274847236153921536
1274850931490713600
1274857050439397376
1274857783498870784
1274862235874181120
1274862644672036871
1274863550809247744
1274865083672219648
1274866182743642113
1274867034531041281
1274867844862353410
1274873665348341765
1274874403973738496
1274877049639809024
1274882337952718848
1274886877561192449
1274892139714011138
1274895477402632194
1274895974691794945
1274902142625734656
1274905175220613121
1274907797151526912
1274912678750965760
1274912736842055680
1274914704234737664
1274916216788914177
1274916225139630082
1274916926490152962
1274917430700109824
1274921651512193024
1274922918326292480
1274924031276388352
1274926593861877760
1274928206353772544
1274929154786541569
1274931734631510020
1274931815942258689
1274933173940416512
1274937235364696064
1274937372870717441
1274938276822974464
1274943894090772480
1274945519165607936
1274946677812518913
1274947135339761664
1274951569079844864
1274955551911424000
1274957119494684673
1274957214302769152
1274958658653302786
1274962450350301184
1274963753524776960
1274965635060002816
1274966304043208706
1274972221233135617
1274980471420657664
1274985464970313735
1274989652152332293
1274991952430333953
1274995076062752774
1274998840840671233
1274999867530792960
1275015813775253505
1275018204348321792
1275021950449049606
1275029741876113409
1275032318051262471
1275034332319506432
1275036303000813568
1275039482975264769
1275041209468231682
1275045300042776576
1275046332382744577
1275047341075173381
1275047547002912770
1275049400335728640
1275049786278846466
1275049795007197184
1275051885809086464
1275057129884286976
1275058673438593024
1275058890527277056
1275060224081231873
1275063748328374272
1275063841554984961
1275066013399334912
1275069518839083008
1275075447219302403
1275075681517359105
1275076186893242371
1275076226982359040
1275076794303971328
1275078640632389638
1275082729021861889
1275083015861833729
1275087762534928384
1275087999542398976
1275088791636713474
1275090636140675072
1275090781494300676
1275091551010435073
1275092773805293568
1275094380462866434
1275095510702010369
1275100491446435840
1275100871076925440
1275101009937870850
1275101089071685639
1275105530772684806
1275106196299620353
1275108580862111746
1275112466222120960
1275113106616827905
1275114041254588417
1275114344687296512
1275115033618505728
1275117356075941889
1275117616902914051
1275119461562023938
1275121587877023744
1275122620644671490
1275122650222866433
1275123133738094593
1275123351573454848
1275124336987267074
1275126364924981250
1275127460552749059
1275128158589575168
1275130455822446592
1275132030771134468
1275132480736186368
1275133345203134465
1275139742401564673
1275140026171416577
1275144018318548992
1275144165542764549
1275145932812607488
1275149486600437769
1275151134274072576
1275151672172515334
1275151728200089604
1275152545929990152
1275153305157672961
1275154861105967104
1275157102210748418
1275157194179334146
1275157564062339074
1275164153259282432
1275165978033303553
1275166744093605888
1275168055249813509
1275171295622119424
1275172199897403392
1275173072694378496
1275173213052399616
1275174685508923392
1275176535075536898
1275179856175734787
1275180007887953921
1275181012432101376
1275184057920479232
1275187394166296577
1275188621180645378
1275189794327461890
1275191363114618885
1275197841921712131
1275200010964131840
1275200252195282944
1275200593410306049
1275204827778134016
1275208397047181317
1275213685955362818
1275216839988129793
1275221180711043072
1275221249019559937
1275221429693415424
1275221758681866242
1275223127123849216
1275223367637823488
1275236744514830336
1275243170616406017
1275245338966794240
1275246986959052800
1275247306565009408
1275247566750470145
1275249256987684865
1275250042304069632
1275251639859937281
1275253702757138433
1275255832331026433
1275257994226348032
1275259842140069888
1275264432281718790
1275271268468764679
1275273673210036225
1275275516350734338
1275284186253758464
1275295803058388993
1275296907800178688
1275300283552108547
1275300323624509440
1275310719257456640
1275315149088292865
1275317764706594816
1275317785338556416
1275318421803204609
1275321232972447744
1275321708606603264
1275322339446710274
1275324129596432384
1275325486336339969
1275327561158049792
1275333766123106304
1275335626447966209
1275337642708627456
1275338000847613952
1275338558346268672
1275341455343616007
1275341823725232128
1275345347456299008
1275346630196072448
1275348070151012354
1275351538240798721
1275354226986758145
1275356192332750850
1275358370661310466
1275360966746619904
1275361237342154752
1275362048382205958
1275364989738639360
1275365207578161152
1275365719287517185
1275365826162556928
1275366683033690112
1275367039813578752
1275374106267906049
1275374312946642944
1275379900858470400
1275380202550562823
1275380612761698304
1275383121593106432
1275389766901608449
1275391018125258752
1275391734890090497
1275393989001252864
1275394869456973824
1275396114011873280
1275397643657773057
1275397838038597633
1275397971807555589
1275398195644792832
1275400138668666880
1275400814077624320
1275401004410966025
1275402433049399296
1275402782665834496
1275403211931881472
1275403660793540610
1275405172244541440
1275406179745894404
1275406924549242880
1275407317488582659
1275408253086658563
1275408538911641602
1275409288232685568
1275409520626487297
1275415058496008194
1275415879866605569
1275415926985252867
1275418363129294849
1275418845080178688
1275421004735541249
1275421989449207809
1275422194873634816
1275422213571780608
1275423082304372738
1275423471925972992
1275425898846535681
1275425915137187841
1275426650931499017
1275427826599108608
1275428166266425344
1275428632081530882
1275429512243752961
1275430414807560193
1275431786957307907
1275436301097943041
1275436966973079557
1275437430120738816
1275437734836895745
1275439602220675072
1275440309724344321
1275444572101857282
1275445915407376384
1275448006775455744
1275448034386513920
1275448593831260162
1275449534005551104
1275451388458201092
1275452835182678025
1275454059881934848
1275454980640497670
1275455210815549443
1275456870560477184
1275457580643635201
1275458613323202560
1275458650983682050
1275460869078618113
1275461468410900487
1275462008452927488
1275464486653095936
1275464529132941312
1275465645719576578
1275466105360773123
1275466660737155074
1275467095963295747
1275467151172870144
1275471132452442112
1275472975131631617
1275474567843192832
1275475837974913025
1275477014367965186
1275477024161722368
1275477275316633600
1275477666083282946
1275477779182575617
1275478328468619264
1275478938010050560
1275479262812934150
1275479777890230274
1275481519272783872
1275481652546826240
1275481655105339392
1275482568205320193
1275485842170097666
1275489452568334339
1275490937880358913
1275492079490289667
1275493729328078849
1275495058880581632
1275495693390450690
1275496077806972930
1275496921705197568
1275497019398934528
1275500490248400897
1275502625740460032
1275504311519211520
1275505104586563584
1275505405066653697
1275506952882098176
1275510998590468100
1275511454469369856
1275517057161850880
1275522353854906368
1275523302254133248
1275523308147138560
1275523364107452417
1275524787368943616
1275525477688463361
1275525849324929024
1275525971534282753
1275531178444029956
1275532449859219464
1275535491727798272
1275537543140966400
1275538378503499777
1275539330707206145
1275539508570853377
1275540176048132103
1275542683897884672
1275544312772780033
1275545625665441792
1275545781521580035
1275546106131349504
1275548190616453126
1275549189540282369
1275549546265837568
1275549767565815810
1275551348101169157
1275553396964175873
1275553693480476675
1275554119856590848
1275555036781842432
1275555548180680711
1275557067714031616
1275559466705072128
1275561091431641089
1275564195384360960
1275568516024823809
1275575863032020992
1275578028249284610
1275582203334815744
1275584854822752256
1275586887298830338
1275587764394831874
1275591364424712192
1275592420491776000
1275592552998035456
1275599171219861504
1275599596341923840
1275600004988764160
1275601088037584896
1275601328232783873
1275601876189351936
1275605477146144769
1275609079017279491
1275609645785235457
1275611128727560194
1275612131098890240
1275614696364666880
1275619353669406721
1275624058868994048
1275624244580237312
1275627513184690177
1275627943436464134
1275630751837573120
1275632255076126721
1275632386206691328
1275632564657459200
1275633646121234432
1275633909791932419
1275634465986023424
1275635073568722950
1275641768319557634
1275643384590458881
1275645975399403523
1275647038051450880
1275647287272919043
1275647411172577280
1275647945887621121
1275648095267717127
1275657139126702093
1275661489731485697
1275661739695226880
1275666285586759681
1275667990235799553
1275671239365926913
1275675209429921793
1275678936056369153
1275682661915340800
1275685087489609728
1275691890218860547
1275692161741262849
1275695289232510978
1275697549970673664
1275698935772909575
1275700070042779650
1275701942690381825
1275712653751697410
1275712752900812801
1275713932074893313
1275714413685886976
1275719021720190981
1275722834522734592
1275723119362215936
1275723804858294272
1275725315969617921
1275725487902425093
1275733660298358785
1275734727304110084
1275739818660515841
1275742481179570176
1275743414227795968
1275744039510433792
1275745930730516480
1275750522155401216
1275751002625507328
1275751423989317632
1275753800817455104
1275757969100111872
1275759064526528512
1275759806976888832
1275762721846419457
1275763316472680449
1275763831604576256
1275764393901522945
1275766272177864710
1275766274950336515
1275768632333795328
1275771290687803392
1275772913552183301
1275773036235350022
1275776405310185475
1275779102683926529
1275779144094060544
1275779559833640960
1275779769699758080
1275780044376309761
1275781940180852741
1275782993618092036
1275785183816491008
1275785864384262145
1275788713964994561
1275789560555896832
1275791307500388353
1275791644449742850
1275792539295944704
1275793615701172226
1275794894980775938
1275794925305712647
1275796327562125312
1275798355151470592
1275799904594640896
1275801849371607048
1275803716864675846
1275807890935250946
1275809068918222849
1275810262868779008
1275810958837862401
1275811070574309377
1275814284027506688
1275815573218304000
1275815718009876480
1275815997153345536
1275821474272641024
1275822194874966016
1275822388056334336
1275822936620888065
1275823488440266752
1275824010429939712
1275824324495237120
1275824573544632321
1275824916328255488
1275826883020685314
1275832161703211008
1275834438702727173
1275836219432275968
1275837173040848896
1275837504185384962
1275838387849588736
1275846025610215427
1275851438787375106
1275860821936144386
1275906790673182722
1275973655441412097
1275998279675916290
1276013114522206209
1276161236636446721
1276219772460511232
1276260840010854400
1276273935919788034
1276365578123403264
1276395117843267585
1276600605851574273
1276671101586857992
1276763837874573312
1276826520049332224
1276888742691696641
1276934430305726465
1276992559563358209
1276999056838012931
1277561163128221696
1277574383855378433
1277592024800276481
1277611709331537921
1277617366340440065
1277629144851980288
1277636567083999232
1277639756415991808
1277649045444583425
1277653158697865216
1277667933758595072
1277669998757064705
1277671674155077633
1277678306108702720
1277692209022763014
1277693770847457280
1277694085005000705
1277701327909466113
1277702836957188100
1277707176052764672
1277708736799227906
1277725547028598785
1277731077256294400
1277738007542595586
1277772771997581312
1277774456610586624
1277785475520978944
1277785746037002245
1277787491311841280
1277790368302432258
1277790368403251203
1277791156450013185
1277796901111377920
1277832454494134272
1277858050561339392
1277882825077936129
1277924533048090625
1277932200030175238
1277947185150263297
1277947606983991302
1277948737474703367
1277963490792108032
1277966764085620738
1277977146707697665
1277980296575545348
1277982119248171014
1277983174627295232
1277986202692526080
1277989510643617793
1277992402918289409
1277992572221378562
1278002110571872256
1278002936891822087
1278014743597518855
1278016939751858176
1278030908185030658
1278032893894258688
1278037591237902336
1278038701092876288
1278040303681720320
1278045174237667330
1278053512123908097
1278060690461188096
1278062424898273283
1278065046212485122
1278073258299047936
1278091622295588865
1278106157245059073
1278107451615838208
1278119005312684032
1278120658862575617
1278138776066326529
1278144413609402369
1278159626157142017
1278163685991755783
1278164106772545538
1278178696411652097
1278184270171865088
1278222063447101441
1278248067192557568
1278258078622707714
1278261109330456576
1278283472176545799
1278283662878965760
1278328159558123520
1278356640698437636
1278361543835615233
1278364829703475202
1278365967261761537
1278373545311997954
1278384145270476802
1278392340172791808
1278401184034811904
1278401445591527424
1278407041631916032
1278424172578967552
1278427613388771329
1278431147668713476
1278433434193604612
1278433719079010306
1278448495125553153
1278449727546314754
1278451847276179457
1278461725222682624
1278494714254114816
1278495250160529410
1278501999290601473
1278526036049879042
1278541191592599560
1278552853775179776
1278571188659208192
1278579005504073728
1278583293093376006
1278604871545937921
1278607183060635648
1278629413953945603
1278630217603563520
1278645861573165056
1278655295259099136
1278672646285205504
1278687987463786496
1278704078361694214
1278732776515219456
1278738248521658369
1278741972421754880
1278745751342837761
1278758263895572481
1278763122979979264
1278766404880207872
1278767067450220545
1278785727778754560
1278802279995445256
1278816287536353281
1278819624428208133
1278826172936306688
1278832470717280256
1278862521730924544
1278866423939428352
1278878295170281472
1278879214859620352
1278879237554880512
1278928205743747073
1278964692803653633
1278971378213900293
1278980125166575616
1278987307455037442
1279017732235767808
1279026546422865921
1279040519079890947
1279047018367852545
1279047990200676359
1279063480432300032
1279076875747254273
1279093324725587970
1279107565075357697
1279110619703185409
1279114329380528129
1279122938508255233
1279138778603499520
1279146130882748416
1279148195809910785
1279165605090746369
1279171367473164299
1279171910505562112
1279191353923039232
1279197950774665218
1279202125797457920
1279224921999245312
1279230750324334592
1279245331885166597
1279257866071916546
1279265999544557571
1279290752707842059
1279294567519522817
1279301777461043201
1279339223842242561
1279342986967625730
1279357085969534976
1279373674202697730
1279379870708125696
1279391435784171522
1279408416319057920
1279409468955033601
1279429810125668352
1279446947452108805
1279449973344501761
1279456879475908608
1279457650070216706
1279465319661215745
1279469205977432064
1279470881979449344
1279472496648105984
1279475067466903552
1279482333205131264
1279482602043453446
1279486477639041027
1279494190112571395
1279508090220470272
1279513373932236800
1279514384696594433
1279514461758513153
1279515387248250880
1279546720989466624
1279549703957499906
1279565679671357445
1279568453742080002
1279605082007330818
1279618028099993600
1279636819064303618
1279651438612762624
1279651599242219521
1279673618004230144
1279715958869852160
1279750112336633858
1279757871295746049
1279760691268911104
1279764278161989633
1279766556344553472
1279769628655472642
1279772796365623297
1279784216750886913
1279799552573427712
1279803976771305474
1279805662063624193
1279813449594408960
1279826494781562894
1279848000156663810
1279851512739639297
1279853008877023233
1279857236773240832
1279859122154995715
1279861987007098880
1279867068838490115
1279873190970482694
1279878844862926848
1279879033199697923
1279882629173706756
1279892046149570560
1279895718266839045
1279898339090337794
1279900080594706432
1279929365317537793
1279983442856497154
1279985050629681152
1280040312791072768
1280045476709126144
1280067665239977987
1280073429132206080
1280101914215174144
1280112134664474625
1280115477667250179
1280119377812021248
1280125408890028034
1280135783605772288
1280158249946435584
1280163014071783424
1280164807166091266
1280167106588409857
1280191026393690117
1280191688875618307
1280196327540842496
1280196842601492481
1280202714035695622
1280207948778745857
1280208806262083585
1280209302742056962
1280215682769195008
1280217393386729473
1280224107267678208
1280230537110540290
1280231126141939721
1280231500718489609
1280234976760520704
1280235576118181896
1280238137109655552
1280242007257026561
1280243480753733633
1280252169736687616
1280259277899403264
1280260100821790721
1280265559406411779
1280265660153511936
1280268211846623237
1280270363528658945
1280271742821371905
1280281235458326530
1280288904797548544
1280289791754604548
1280295884983422976
1280308314270609409
1280314276566257664
1280321099838844928
1280321404517273602
1280324022194995200
1280334011190194176
1280337986241118208
1280360476094988288
1280371030679105537
1280372336210989057
1280388428127928320
1280389691712274432
1280391546873905153
1280392808461824001
1280398153603301379
1280400729153421313
1280400990366294018
1280413769290702849
1280414430572888064
1280421053244641281
1280453321967501312
1280453901901352960
1280464860539740160
1280476679622799361
1280477926878740482
1280484441815756805
1280492166318563330
1280502733028626432
1280504241841471491
1280514443059888130
1280514443064082437
1280515232989921282
1280519049999519744
1280519981902508033
1280522991248474112
1280523268747739136
1280523630938673154
1280528654834040834
1280531350475464706
1280533013852565504
1280537562919075842
1280541235745370122
1280542510008414209
1280546751229890560
1280547099231367170
1280553137032572929
1280560723849105409
1280562374001389569
1280563348623384576
1280563476101021696
1280566722131607559
1280568333738246144
1280576786838020100
1280581284662702080
1280582271054028800
1280583516808495104
1280585712136527874
1280586001878904832
1280592097217781763
1280596889096744960
1280603434614427654
1280605642349178881
1280615153520828417
1280615468093636608
1280619014964871170
1280624272134688769
1280626582013517824
1280627431527890947
1280633983185956864
1280634933640339456
1280642718549422081
1280644123645620227
1280654762950774785
1280669090835828738
1280675380014309376
1280676605396836352
1280693005599506432
